0.84224
0.53031
0.69947
0.7988
0.68239
0.52103
0.07477
0.36616
0.64374
0.97393
0.6843
0.90605
0.61032
0.25058
0.00183
0.20667
0.04807
0.9777
0.97688
0.6558
0.54809
0.14598
0.16989
0.98439
0.62335
0.17961
0.47046
0.90961
0.62601
0.49463
0.13953
0.46826
0.18846
0.839
0.43058
0.03438
0.52355
0.66887
0.56406
0.16729
0.6428
0.41189
0.07334
0.41665
0.82599
0.07518
0.62332
0.87406
0.05288
0.76373
0.69338
0.76449
0.90971
0.86328
0.9124
0.69658
0.20641
0.38286
0.60619
0.99595
0.04101
0.74572
0.62773
0.22948
0.74825
0.05831
0.42738
0.2718
0.72718
0.99144
0.4391
0.53351
0.40333
0.67596
0.95016
0.22933
0.75114
0.737
0.26691
0.96754
0.66425
0.9603
0.73203
0.73748
0.9871
0.64443
0.43406
0.19351
0.19082
0.04025
0.18946
0.23183
0.9495
0.98071
0.62483
0.86127
0.03902
0.05221
0.13307
0.92973
