0.298436
0.845432
0.826996
0.872757
0.723457
0.897613
0.358189
0.179259
0.212675
0.754733
0.21284
0.772181
0.0623868
0.824198
0.576132
0.281152
0.0133333
0.624527
0.411029
0.780247
0.917366
0.452016
0.124938
0.45465
0.404115
0.0474074
0.236379
0.267325
0.547654
0.262551
0.0416461
0.625679
0.533169
0.727078
0.281481
0.0482305
0.323621
0.515062
0.807737
0.831276
0.32642
0.811687
0.250041
0.715556
0.0600823
0.579918
0.682469
0.552922
0.820905
0.22716
0.290206
0.973004
0.34963
0.271934
0.036214
0.0498765
0.498107
0.010535
0.327901
0.968724
0.895967
0.183704
0.683786
0.69251
0.617284
0.643292
0.400165
0.628642
0.847243
0.01893
0.217778
0.295638
0.548807
0.384691
0.988477
0.989794
0.129383
0.925761
0.341893
0.451852
0.10749
0.605103
0.352099
0.533663
0.779424
0.830123
0.20428
0.864856
0.885926
0.119342
0.861399
0.519506
0.278848
0.769053
0.730864
0.682798
0.587819
0.52
0.331193
0.317695
0.886914
0.224033
0.958683
0.831605
0.361317
0.510782
0.354074
0.743045
0.973992
0.454321
0.369218
0.348313
0.132346
0.239835
0.633745
0.388148
0.354897
0.830288
0.221728
0.714403
0.937942
0.633086
0.318354
0.956708
0.622222
0.166749
0.886584
0.189136
0.259588
0.727572
0.333827
0.596872
0.479671
0.0562963
0.178601
0.142881
0.356543
0.00477366
0.717202
0.234568
0.0753909
0.202634
0.69037
0.390453
0.599177
0.723951
0.949959
0.906831
0.335309
0.753909
0.125597
0.524444
0.802305
0.255473
0.291358
0.095144
0.296461
0.636049
0.632428
0.24856
0.558519
0.414156
0.11177
0.0587654
0.440329
0.886091
0.13679
0.710947
0.571523
0.792593
0.226008
0.168066
0.0261728
0.985514
0.67572
0.837531
0.989465
0.0944856
0.226667
0.23786
0.424362
0.19358
0.7307
0.66535
0.738272
0.467984
0.817449
0.860741
0.449712
0.880658
0.560988
0.675885
0.854979
0.839012
0.146502
0.740412
0.694815
0.861564
0.536955
0.128395
0.82107
0.244609
0.139753
0.0250206
0.863374
0.728889
0.473416
0.393251
0.895802
0.166255
0.834239
0.640494
0.103539
0.186337
0.962963
0.285267
0.449547
0.86321
0.71144
0.623868
0.341235
0.382058
0.7093
0.397037
0.297119
0.705844
0.0306173
0.456626
0.613498
0.241975
0.860576
0.432263
0.0311111
0.508971
0.16214
0.398025
0.401811
0.803128
0.342716
0.539095
0.355226
0.865185
0.920823
0.818436
0.965432
0.546996
0.192757
0.643457
0.417613
0.478189
0.899259
0.532675
0.674733
0.73284
0.892181
0.782387
0.144198
0.496132
0.801152
0.133333
0.344527
0.731029
0.700247
0.437366
0.572016
0.844938
0.77465
0.324115
0.567407
0.356379
0.987325
0.867654
0.182551
0.561646
0.745679
0.253169
0.0470782
0.201481
0.56823
0.443621
0.235062
0.127737
0.751276
0.84642
0.931687
0.970041
0.0355556
0.980082
0.0999177
0.802469
0.272922
0.140905
0.14716
0.810206
0.0930041
0.0696296
0.591934
0.956214
0.569877
0.618107
0.730535
0.647901
0.888724
0.415967
0.303704
0.403786
0.0125103
0.537284
0.163292
0.520165
0.348642
0.167243
0.93893
0.737778
0.415638
0.268807
0.704691
0.908477
0.509794
0.249383
0.645761
0.661893
0.371852
0.62749
0.725103
0.0720988
0.853663
0.699424
0.350123
0.32428
0.584856
0.205926
0.0393416
0.381399
0.639506
0.998848
0.0890535
0.650864
0.202798
0.707819
0.24
0.651193
0.237695
0.406914
0.344033
0.678683
0.151605
0.281317
0.0307819
0.474074
0.463045
0.293992
0.374321
0.889218
0.468313
0.852346
0.559835
0.553745
0.908148
0.474897
0.550288
0.541728
0.634403
0.457942
0.753086
0.0383539
0.276708
0.542222
0.686749
0.00658436
0.909136
0.579588
0.647572
0.853827
0.716872
0.199671
0.376296
0.0986008
0.662881
0.476543
0.724774
0.0372016
0.154568
0.595391
0.322634
0.41037
0.710453
0.519177
0.243951
0.0699588
0.626831
0.655309
0.673909
0.645597
0.644444
0.522305
0.575473
0.211358
0.615144
0.416461
0.356049
0.952428
0.16856
0.0785185
0.534156
0.83177
0.378765
0.360329
0.406091
0.25679
0.430947
0.891523
0.712593
0.746008
0.288066
0.746173
0.305514
0.59572
0.357531
0.109465
0.814486
0.546667
0.15786
0.944362
0.31358
0.4507
0.98535
0.658272
0.987984
0.937449
0.580741
0.769712
0.800658
0.0809877
0.795885
0.574979
0.159012
0.0665021
0.260412
0.814815
0.581564
0.856955
0.0483951
0.34107
0.364609
0.859753
0.345021
0.783374
0.248889
0.593416
0.113251
0.215802
0.0862551
0.354239
0.760494
0.823539
0.506337
0.882963
0.805267
0.569547
0.58321
0.0314403
0.543868
0.861235
0.502058
0.4293
0.717037
0.217119
0.225844
0.150617
0.176626
0.933498
0.161975
0.380576
0.552263
0.751111
0.828971
0.0821399
0.918025
0.521811
0.523128
0.662716
0.459095
0.875226
0.985185
0.640823
0.138436
0.885432
0.0669959
0.312757
0.363457
0.737613
0.398189
0.419259
0.652675
0.394733
0.0528395
0.812181
0.302387
0.264198
0.216132
0.121152
0.0533333
0.864527
0.851029
0.420247
0.757366
0.492016
0.364938
0.89465
0.0441152
0.887407
0.276379
0.507325
0.987654
0.902551
0.881646
0.665679
0.773169
0.167078
0.921481
0.88823
0.363621
0.755062
0.247737
0.471276
0.16642
0.851687
0.490041
0.155556
0.700082
0.419918
0.722469
0.792922
0.260905
0.86716
0.130206
0.0130041
0.58963
0.711934
0.676214
0.889877
0.538107
0.250535
0.767901
0.608724
0.735967
0.223704
0.923786
0.13251
0.257284
0.483292
0.440165
0.868642
0.287243
0.65893
0.0577778
0.335638
0.788807
0.824691
0.628477
0.829794
0.169383
0.165761
0.781893
0.0918519
0.94749
0.645103
0.592099
0.973663
0.419424
0.670123
0.24428
0.104856
0.325926
0.759342
0.701399
0.559506
0.518848
0.209053
0.370864
0.522798
0.627819
0.76
0.771193
0.957695
0.726914
0.264033
0.198683
0.271605
0.00131687
0.350782
0.394074
0.983045
0.413992
0.094321
0.209218
0.388313
0.372346
0.679835
0.273745
0.228148
0.394897
0.0702881
0.661728
0.354403
0.777942
0.673086
0.558354
0.396708
0.262222
0.00674897
0.926584
0.429136
0.699588
0.367572
0.173827
0.636872
0.719671
0.496296
0.818601
0.982881
0.396543
0.244774
0.157202
0.874568
0.915391
0.242634
0.93037
0.830453
0.239177
0.563951
0.989959
0.146831
0.775309
0.393909
0.965597
0.564444
0.0423045
0.695473
0.931358
0.935144
0.336461
0.876049
0.072428
0.88856
0.398519
0.454156
0.35177
0.498765
0.0803292
0.726091
0.17679
0.950947
0.0115226
0.432593
0.0660082
0.208066
0.266173
0.425514
0.31572
0.677531
0.029465
0.334486
0.666667
0.87786
0.264362
0.23358
0.9707
0.10535
0.378272
0.307984
0.857449
0.100741
0.889712
0.520658
0.400988
0.715885
0.0949794
0.279012
0.786502
0.580412
0.734815
0.101564
0.976955
0.768395
0.66107
0.284609
0.379753
0.465021
0.503374
0.568889
0.513416
0.633251
0.335802
0.806255
0.674239
0.680494
0.343539
0.626337
0.602963
0.125267
0.489547
0.10321
0.15144
0.263868
0.181235
0.422058
0.9493
0.837037
0.937119
0.545844
0.0706173
0.696626
0.0534979
0.881975
0.700576
0.472263
0.271111
0.948971
0.80214
0.238025
0.441811
0.0431276
0.782716
0.179095
0.195226
0.905185
0.160823
0.258436
0.605432
0.386996
0.232757
0.883457
0.857613
0.118189
0.739259
0.572675
0.914733
0.17284
0.532181
0.622387
0.184198
0.736132
0.241152
0.773333
0.184527
0.771029
0.940247
0.877366
0.212016
0.684938
0.81465
0.564115
0.00740741
0.996379
0.827325
0.907654
0.422551
0.00164609
0.385679
0.0931687
0.0870782
0.441481
0.00823045
0.0836214
0.0750617
0.167737
0.991276
0.28642
0.571687
0.810041
0.0755556
0.220082
0.539918
0.442469
0.112922
0.180905
0.38716
0.250206
0.733004
0.90963
0.631934
0.196214
0.00987654
0.258107
0.570535
0.687901
0.128724
0.855967
0.943704
0.243786
0.0525103
0.777284
0.603292
0.160165
0.188642
0.207243
0.17893
0.177778
0.0556379
0.108807
0.744691
0.148477
0.949794
0.889383
0.485761
0.701893
0.611852
0.0674897
0.365103
0.912099
0.893663
0.939424
0.790123
0.96428
0.424856
0.245926
0.279342
0.821399
0.279506
0.838848
0.129053
0.890864
0.642798
0.347819
0.08
0.691193
0.477695
0.846914
0.984033
0.518683
0.191605
0.521317
0.470782
0.114074
0.303045
0.333992
0.614321
0.329218
0.108313
0.692346
0.599835
0.793745
0.348148
0.114897
0.390288
0.581728
0.874403
0.897942
0.393086
0.878354
0.316708
0.782222
0.126749
0.646584
0.749136
0.619588
0.887572
0.293827
0.356872
0.0396708
0.416296
0.338601
0.102881
0.116543
0.564774
0.0772016
0.394568
0.0353909
0.962634
0.25037
0.750453
0.759177
0.683951
0.709959
0.466831
0.695309
0.913909
0.0855967
0.284444
0.362305
0.615473
0.451358
0.055144
0.0564609
0.196049
0.992428
0.40856
0.518519
0.174156
0.67177
0.418765
0.600329
0.846091
0.89679
0.270947
0.931523
0.952593
0.186008
0.928066
0.586173
0.345514
0.83572
0.797531
0.749465
0.654486
0.586667
0.39786
0.384362
0.95358
0.2907
0.0253498
0.898272
0.427984
0.577449
0.420741
0.809712
0.0406584
0.520988
0.435885
0.414979
0.199012
0.306502
0.700412
0.454815
0.421564
0.896955
0.288395
0.78107
0.00460905
0.699753
0.385021
0.0233745
0.688889
0.233416
0.953251
0.255802
0.326255
0.794239
0.400494
0.663539
0.546337
0.122963
0.245267
0.209547
0.42321
0.0714403
0.783868
0.301235
0.142058
0.2693
0.757037
0.457119
0.665844
0.790617
0.0166255
0.973498
0.401975
0.820576
0.192263
0.591111
0.868971
0.32214
0.358025
0.161811
0.363128
0.702716
0.699095
0.315226
0.625185
0.480823
0.178436
0.125432
0.506996
0.952757
0.203457
0.777613
0.638189
0.859259
0.292675
0.234733
0.0928395
0.0521811
0.742387
0.904198
0.0561317
0.161152
0.293333
0.304527
0.491029
0.260247
0.797366
0.732016
0.804938
0.53465
0.884115
0.927407
0.516379
0.947325
