0.137695
0.0859375
0.30957
0.664062
0.981445
0.742188
0.15332
0.320312
0.825195
0.398438
0.99707
0.976562
0.668945
0.0546875
0.84082
0.632812
0.512695
0.710938
0.68457
0.289062
0.356445
0.367188
0.52832
0.945312
0.200195
0.0234375
0.37207
0.601562
0.0439453
0.679688
0.21582
0.257812
0.887695
0.335938
0.0595703
0.914062
0.731445
0.992188
0.90332
0.570312
0.575195
0.648438
0.74707
0.226562
0.418945
0.304688
0.59082
0.882812
0.262695
0.960938
0.43457
0.539062
0.106445
0.617188
0.27832
0.195312
0.950195
0.273438
0.12207
0.851562
0.793945
0.929688
0.96582
0.507812
0.637695
0.585938
0.80957
0.164062
0.481445
0.242188
0.65332
0.820312
0.325195
0.898438
0.49707
0.476562
0.168945
0.554688
0.34082
0.132812
0.0126953
0.210938
0.18457
0.789062
0.856445
0.867188
0.0283203
0.445312
0.700195
0.523438
0.87207
0.101562
0.543945
0.179688
0.71582
0.757812
0.387695
0.835938
0.55957
0.414062
0.231445
0.492188
0.40332
0.0703125
0.0751953
0.148438
0.24707
0.726562
0.918945
0.804688
0.0908203
0.382812
0.762695
0.460938
0.93457
0.0390625
0.606445
0.117188
0.77832
0.695312
0.450195
0.773438
0.62207
0.351562
0.293945
0.429688
0.46582
0.0078125
